function [r1, r2, r3]=Bank_data()

% ==============================================================
% Bank data for clustering with a self-organising neural network
% ==============================================================

% ============================================================================
% Reference: Negnevitsky, M., "Artificial Intelligence: A Guide to Intelligent  
%            Systems", 3rd end. Addison Wesley, Harlow, England, 2011.                 
%            Sec. 9.4 Will a neural network work for my problem?              
% ============================================================================

%   Extreme performance banks
%   Bank #    NITA      NLLAA     NPLTA     NLLTL    NLLPLLNI
r1=[     1    0.0001    0.0259    0.0212    0.0777   11.8779    2
         2    0.0001    0.0148    0.0007    0.0265   10.0155    2
         3   -0.0035    0.0621    0.0072    0.0552   10.2906    2
         4   -0.0068    0.0050    0.0103    0.0224    4.9181    2
         5    0.0083    0.0016    0.0166    0.0429    8.9227    2
         6   -0.0119    0.0474    0.0222    0.0288    1.1152    2
         7   -0.0010    0.0197    0.0098    0.0289   10.1786    2
         8         0    0.0020    0.0393    0.0142    2.2073    2
         9    0.0025    0.0397    0.0297    0.0346   10.8930    2
        10   -0.0022    0.0357    0.0326    0.0324   16.6606    2
        11   -0.0004    0.0437    0.0392    0.0198   15.1156    2
        12   -0.0092    0.0089    0.0015    0.0055   19.4091    2
        13   -0.0048    0.0124    0.0078    0.0469    3.9035    2
        14   -0.0023    0.0495    0.0255    0.0346   11.5665    2
        15   -0.0060    0.0199    0.0098    0.0662    0.3612    2
        16   -0.0015    0.0129    0.0102    0.0429    7.8058    2
        17    0.0004    0.0603    0.0398    0.0477   15.0552    2
        18   -0.0088    0.0257    0.0395    0.0549    5.3154    2
        19    0.0028    0.0191    0.0253    0.0703   10.0790    2
        20    0.0057    0.0937    0.0075    0.0376    5.5310    2];

%   Healthy banks
%   Bank #    NITA      NLLAA     NPLTA     NLLTL    NLLPLLNI
r2=[    21    0.0106   -0.0019    0.0087    0.0105    0.2556    1
        22    0.0106    0.0006    0.0031    0.0093    0.1543    1
        23    0.0027    0.0060    0.0136    0.0141    0.9888    1
        24    0.0043   -0.0289    0.0225    0.0237    0.2222    1
        25    0.0281    0.0037    0.0493    0.0081    0.8106    1
        26    0.0153   -0.1349    0.0368    0.0060    0.6296    1
        27    0.0081   -0.0942    0.0230    0.0067    0.7933    1
        28    0.0104   -0.1541    0.0068    0.0274    0.0676    1
        29    0.0157   -0.0167    0.0297    0.0066    1.2055    1
        30    0.0055   -0.0531    0.0326    0.0148    0.2591    1
        31    0.0094   -0.0260    0.0053    0.0067    0.1672    1
        32    0.0094    0.0007    0.0168    0.0041    1.5780    1
        33    0.0001   -0.0468    0.0160    0.0021    1.2856    1
        34    0.0151   -0.0343    0.0192    0.0244    0.7131    1
        35    0.0232   -0.1090    0.0159    0.0097    1.4388    1
        36    0.0071   -0.0225    0.0146    0.0040    0.5084    1
        37    0.0111    0.0006    0.0009    0.0216    0.7772    1
        38    0.0086   -0.1385    0.0197    0.0019    1.4732    1
        39    0.0163   -0.0224    0.0176    0.0175    0.3653    1
        40    0.0225   -0.0774    0.0128    0.0289    0.0282    1
        41    0.0031    0.0801    0.0068    0.0143    1.8183    1
        42    0.0030   -0.2716    0.0162    0.0219    0.5318    1
        43    0.0233   -0.1703    0.0110    0.0179    0.2321    1
        44    0.0140    0.1866    0.0199    0.0120    0.7861    1
        45    0.0121   -0.4954    0.0323    0.0006    1.1522    1
        46    0.0151    0.1879    0.0108    0.0156    0.0590    1
        47   -0.0003    0.0355    0.0043    0.0115    1.0130    1
        48    0.0101    0.1719    0.0142    0.0054    0.5994    1
        49   -0.0003   -0.1312    0.0188    0.0197    0.3846    1
        50    0.0086    0.2020    0.0284    0.0214    1.6276    1
        51    0.0130   -0.0723    0.0006    0.0059    0.9717    1
        52    0.0063   -0.1157    0.0037    0.0067    1.1836    1
        53    0.0043    0.0912    0.0087    0.0094    1.8378    1
        54    0.0163    0.0944    0.0229    0.0137    0.9193    1
        55    0.0002   -0.2281    0.0000    0.0280    1.1006    1
        56    0.0041    0.3740    0.0250    0.0145    0.3609    1
        57    0.0223   -0.2588    0.0218    0.0036    0.4442    1
        58    0.0031   -0.4537    0.0015    0.0116    0.6326    1
        59   -0.0006   -0.0701    0.0191    0.0041    0.6715    1
        60    0.0409    0.0440    0.0173    0.0043    1.4251    1
        61    0.0244   -0.0731    0.0219    0.0121    0.2924    1
        62    0.0082   -0.0462    0.0299    0.0009    0.9043    1
        63   -0.0013   -0.3291    0.0112    0.0029    1.2831    1
        64    0.0201   -0.1972    0.0016    0.0103    0.5311    1
        65    0.0268   -0.0771    0.0134    0.0070    0.0393    1
        66    0.0148    0.0007    0.0206    0.0043    0.5994    1
        67   -0.0098   -0.0036    0.0309    0.0221    0.4806    1
        68    0.0331   -0.2709    0.0228    0.0071    0.7376    1
        69    0.0229   -0.2192    0.0107    0.0275    0.6261    1
        70    0.0260   -0.0787    0.0241    0.0107    0.8699    1
        71    0.0009   -0.1313    0.0005    0.0122    1.0604    1
        72    0.0085   -0.0817    0.0136    0.0424    0.7823    1
        73   -0.0006    0.0570    0.0150    0.0037    0.7841    1
        74    0.0183    0.0810    0.0192    0.0108    0.3805    1
        75    0.0195    0.1279    0.0374    0.0168    0.4433    1
        76    0.0020   -0.5607    0.0161    0.0209    1.6316    1
        77    0.0337   -0.0401    0.0010    0.0076    0.6768    1
        78    0.0334   -0.4932    0.0271    0.0083    0.4104    1
        79    0.0182   -0.2742    0.0144    0.0315    0.5083    1
        80   -0.0009   -0.1677    0.0139    0.0161    0.9832    1
        81    0.0403    0.0028    0.0148    0.0001    0.8087    1
        82    0.0018    0.4528    0.0185    0.0059    0.1676    1
        83    0.0234   -0.2217    0.0094    0.0177    2.0318    1
        84   -0.0012   -0.0947    0.0065    0.0288    0.0103    1
        85    0.0141   -0.3531    0.0128    0.0075    0.1457    1
        86    0.0036   -0.1052    0.0055    0.0418    1.0055    1
        87    0.0037    0.1678    0.0075    0.0154    0.5311    1
        88    0.0074   -0.0568    0.0081    0.0033    0.7316    1
        89    0.0079    0.0009    0.0159    0.0109    0.5808    1
        90    0.0063   -0.5325    0.0111    0.0037    0.9680    1
        91   -0.0031   -0.4161    0.0225    0.0274    2.3399    1
        92    0.0139    0.5076    0.0135    0.0194    0.0398    1
        93    0.0172   -0.1395    0.0202    0.0180    1.7686    1
        94    0.0215   -0.0704    0.0174    0.0101    0.9377    1
        95   -0.0058    0.0001    0.0292    0.0059    0.6593    1
        96    0.0142   -0.5032    0.0125    0.0192    0.4560    1
        97    0.0178   -0.3262    0.0013    0.0091    0.0203    1
        98    0.0232   -0.2998    0.0176    0.0193    0.0849    1
        99    0.0178   -0.1913    0.0046    0.0259    0.6973    1
       100    0.0027    0.0282    0.0043    0.0135    0.0748    1];
   
%   Failed banks
%   Bank #    NITA      NLLAA     NPLTA     NLLTL    NLLPLLNI
